Test dataframe being used is:
[[6. 0. 0. ... 0. 0. 0.]
 [6. 0. 0. ... 0. 0. 0.]
 [6. 0. 0. ... 0. 0. 0.]
 ...
 [5. 0. 0. ... 0. 0. 0.]
 [5. 0. 0. ... 0. 0. 0.]
 [6. 0. 0. ... 0. 0. 0.]]
Training with 
[[5. 0. 0. ... 0. 0. 0.]
 [6. 0. 0. ... 0. 0. 0.]
 [5. 0. 0. ... 0. 0. 0.]
 ...
 [5. 0. 0. ... 0. 0. 0.]
 [5. 0. 0. ... 0. 0. 0.]
 [5. 0. 0. ... 0. 0. 0.]]
Accuracy is 0.8484848484848485
Training with 
[[6. 0. 0. ... 0. 0. 0.]
 [6. 0. 0. ... 0. 0. 0.]
 [5. 0. 0. ... 0. 0. 0.]
 ...
 [5. 0. 0. ... 0. 0. 0.]
 [5. 0. 0. ... 0. 0. 0.]
 [6. 0. 0. ... 0. 0. 0.]]
Accuracy is 0.7575757575757576
Training with 
[[6. 0. 0. ... 0. 0. 0.]
 [5. 0. 0. ... 0. 0. 0.]
 [5. 0. 0. ... 0. 0. 0.]
 ...
 [6. 0. 0. ... 0. 0. 0.]
 [6. 0. 0. ... 0. 0. 0.]
 [5. 0. 0. ... 0. 0. 0.]]
Accuracy is 0.8181818181818182
Training with 
[[6. 0. 0. ... 0. 0. 0.]
 [6. 0. 0. ... 0. 0. 0.]
 [5. 0. 0. ... 0. 0. 0.]
 ...
 [6. 0. 0. ... 0. 0. 0.]
 [6. 0. 0. ... 0. 0. 0.]
 [5. 0. 0. ... 0. 0. 0.]]
Accuracy is 0.8484848484848485
Training with 
[[6. 0. 0. ... 0. 0. 0.]
 [5. 0. 0. ... 0. 0. 0.]
 [6. 0. 0. ... 0. 0. 0.]
 ...
 [5. 0. 0. ... 0. 0. 0.]
 [5. 0. 0. ... 0. 0. 0.]
 [5. 0. 0. ... 0. 0. 0.]]
Accuracy is 0.9393939393939394
Training with 
[[5. 0. 0. ... 0. 0. 0.]
 [5. 0. 0. ... 0. 0. 0.]
 [6. 0. 0. ... 0. 0. 0.]
 ...
 [6. 0. 0. ... 0. 0. 0.]
 [6. 0. 0. ... 0. 0. 0.]
 [6. 0. 0. ... 0. 0. 0.]]
Accuracy is 0.8181818181818182
Training with 
[[5. 0. 0. ... 0. 0. 0.]
 [6. 0. 0. ... 0. 0. 0.]
 [5. 0. 0. ... 0. 0. 0.]
 ...
 [5. 0. 0. ... 0. 0. 0.]
 [6. 0. 0. ... 0. 0. 0.]
 [6. 0. 0. ... 0. 0. 0.]]
Accuracy is 0.8484848484848485
Training with 
[[6. 0. 0. ... 0. 0. 0.]
 [5. 0. 0. ... 0. 0. 0.]
 [6. 0. 0. ... 0. 0. 0.]
 ...
 [6. 0. 0. ... 0. 0. 0.]
 [6. 0. 0. ... 0. 0. 0.]
 [6. 0. 0. ... 0. 0. 0.]]
Accuracy is 0.9090909090909091
Training with 
[[6. 0. 0. ... 0. 0. 0.]
 [5. 0. 0. ... 0. 0. 0.]
 [5. 0. 0. ... 0. 0. 0.]
 ...
 [5. 0. 0. ... 0. 0. 0.]
 [6. 0. 0. ... 0. 0. 0.]
 [5. 0. 0. ... 0. 0. 0.]]
Accuracy is 0.8181818181818182
