Test dataframe being used is:
[[5. 0. 0. ... 0. 0. 0.]
 [5. 0. 0. ... 0. 0. 0.]
 [6. 0. 0. ... 0. 0. 0.]
 ...
 [6. 0. 0. ... 0. 0. 0.]
 [6. 0. 0. ... 0. 0. 0.]
 [6. 0. 0. ... 0. 0. 0.]]
Training with 
[[5. 0. 0. ... 0. 0. 0.]
 [6. 0. 0. ... 0. 0. 0.]
 [5. 0. 0. ... 0. 0. 0.]
 ...
 [5. 0. 0. ... 0. 0. 0.]
 [5. 0. 0. ... 0. 0. 0.]
 [5. 0. 0. ... 0. 0. 0.]]
Accuracy is 0.9090909090909091
Training with 
[[6. 0. 0. ... 0. 0. 0.]
 [6. 0. 0. ... 0. 0. 0.]
 [5. 0. 0. ... 0. 0. 0.]
 ...
 [5. 0. 0. ... 0. 0. 0.]
 [5. 0. 0. ... 0. 0. 0.]
 [6. 0. 0. ... 0. 0. 0.]]
Accuracy is 0.8787878787878788
Training with 
[[6. 0. 0. ... 0. 0. 0.]
 [5. 0. 0. ... 0. 0. 0.]
 [5. 0. 0. ... 0. 0. 0.]
 ...
 [6. 0. 0. ... 0. 0. 0.]
 [6. 0. 0. ... 0. 0. 0.]
 [5. 0. 0. ... 0. 0. 0.]]
Accuracy is 0.9393939393939394
Training with 
[[6. 0. 0. ... 0. 0. 0.]
 [6. 0. 0. ... 0. 0. 0.]
 [5. 0. 0. ... 0. 0. 0.]
 ...
 [6. 0. 0. ... 0. 0. 0.]
 [6. 0. 0. ... 0. 0. 0.]
 [5. 0. 0. ... 0. 0. 0.]]
Accuracy is 0.9393939393939394
Training with 
[[6. 0. 0. ... 0. 0. 0.]
 [5. 0. 0. ... 0. 0. 0.]
 [6. 0. 0. ... 0. 0. 0.]
 ...
 [5. 0. 0. ... 0. 0. 0.]
 [5. 0. 0. ... 0. 0. 0.]
 [5. 0. 0. ... 0. 0. 0.]]
Accuracy is 0.9696969696969697
Training with 
[[5. 0. 0. ... 0. 0. 0.]
 [6. 0. 0. ... 0. 0. 0.]
 [5. 0. 0. ... 0. 0. 0.]
 ...
 [5. 0. 0. ... 0. 0. 0.]
 [6. 0. 0. ... 0. 0. 0.]
 [6. 0. 0. ... 0. 0. 0.]]
Accuracy is 0.9696969696969697
Training with 
[[6. 0. 0. ... 0. 0. 0.]
 [6. 0. 0. ... 0. 0. 0.]
 [6. 0. 0. ... 0. 0. 0.]
 ...
 [5. 0. 0. ... 0. 0. 0.]
 [5. 0. 0. ... 0. 0. 0.]
 [6. 0. 0. ... 0. 0. 0.]]
Accuracy is 0.9696969696969697
Training with 
[[6. 0. 0. ... 0. 0. 0.]
 [5. 0. 0. ... 0. 0. 0.]
 [6. 0. 0. ... 0. 0. 0.]
 ...
 [6. 0. 0. ... 0. 0. 0.]
 [6. 0. 0. ... 0. 0. 0.]
 [6. 0. 0. ... 0. 0. 0.]]
Accuracy is 1.0
Training with 
[[6. 0. 0. ... 0. 0. 0.]
 [5. 0. 0. ... 0. 0. 0.]
 [5. 0. 0. ... 0. 0. 0.]
 ...
 [5. 0. 0. ... 0. 0. 0.]
 [6. 0. 0. ... 0. 0. 0.]
 [5. 0. 0. ... 0. 0. 0.]]
Accuracy is 0.9090909090909091
